lat_mean: -0.0088086771
lat_std: 0.4632891715
lon_mean: 0.0296166502
lon_std: 0.4591042995
